10000001
01000001
10000010
10110010
10000100
01000001
00101011
10101001
00000101
01000001
00000011
00110101
00000110
00101011
00101011
00101011
00101011
10000111
10011001
00101011
00101011
10101001
11000011
00000101
10011001
10000100
01010101
00000101
00010010
10100110
10000111
10011001
00101011
00101011
10101001
11000011
01000010
10000010
01010101
10000111
10011001
00101011
00101011
11101011
11000011
11000011
11000011
01011001
10000001
01101001
10000111
10011001
00101011
10101010
11101011
11000011
11000011
11000011
11000011
01000001
00000011
11111001
10000111
10011001
00101011
10101001
11000011
01000001
00000110
11100001
10000100
01000111
01011001
10000001
01101001
00000101
00011011
11000011
10000001
11101101
10000111
10011001
11101011
11101011
11101011
10101010
01000001
00000011
11111001
10000111
10011001
00101011
10101001
11000011
01000001
00000110
11100001
10000100
01000111
01011001
10000111
10011001
00101011
10101001
11000011
01000001
10000001
01111011
01001011
10000111
10011001
00101011
00101011
11101011
11000011
11000011
11000011
11000011
01000001
01011001
00000101
10011001
01000010
10000001
10111101
