00000000
11011000
00000110
01100011
01100011
01100011
01100011
11100001
10000111
11100001
10100110
10111000
10000001
10110111
10000010
10001110
01100011
01100011
00000011
11011011
11100001
11101011
00000000
11010010
00000011
01011010
10000100
00010010
10100011
00000011
11011011
01001011
01100011
10000111
00110000
10001011
00000101
10110111
00000011
01011001
00000110
11011011
01001110
10001110
10001110
11100100
10000111
11011011
11001111
00001111
00001111
01100011
11100010
00000000
01011111
10000111
01001000
01101111
01010000
