10000001
11100001
10000010
10000100
11100001
10100011
00100001
00000101
11100001
00000011
00000110
11100001
10100011
10100011
10100011
10100011
10000111
01011001
10100011
10100011
00100001
01100011
00000101
01011001
10000100
00000101
00010010
00011110
10000111
01011001
10100011
00100001
01100011
11100010
10000010
10000111
01011001
10100011
10100011
01001011
01100011
01100011
01100011
01110111
10000001
11001001
10000111
01011001
10100011
00100010
01001011
01100011
01100011
01100011
01100011
11100001
00000011
10000111
01011001
10100011
00100001
01100011
11100001
00000110
10101001
10000100
11100111
01110111
10000001
11001001
00000101
11011011
01100011
10000001
01001101
10000111
01011001
01001011
01001011
01001011
00100010
11100001
00000011
10000111
01011001
10100011
00100001
01100011
11100001
00000110
10101001
10000100
11100111
01110111
10000111
01011001
10100011
00100001
01100011
11100001
10000001
11000011
10000111
01011001
10100011
10100011
01001011
01100011
01100011
01100011
01100011
11100001
01110111
00000101
01011001
11100010
10000001
